function DECCG = load_DECCG_data()
% %%%%%%%%%%%%%%%%%%%%%%%%%%%%%%%%%%%%%%%%%%%%%%%%%%%%%%%%%%%%%%%%%%%%%%% %
% Load DECCG data on CEC2013-2015 LSGO Benchmark Functions.
%
% ----------
% Reference:
% ----------
%   1. http://goanna.cs.rmit.edu.au/~xiaodong/cec13-lsgo/competition/lsgo2013-decc-g.html 
% %%%%%%%%%%%%%%%%%%%%%%%%%%%%%%%%%%%%%%%%%%%%%%%%%%%%%%%%%%%%%%%%%%%%%%% %

    % Best, Median, Worst, Mean, Std
    DECCG = [1.75e-13 9.90e+02 2.63e-10 7.58e+09 7.28e+14 6.96e-08 1.96e+08 1.43e+14 2.20e+08 9.29e+04 4.68e+10 9.80e+02 2.09e+10 1.91e+11 4.63e+07
             2.00e-13 1.03e+03 2.85e-10 2.12e+10 7.28e+14 6.08e+04 4.27e+08 3.88e+14 4.17e+08 1.19e+07 1.60e+11 1.03e+03 3.36e+10 6.27e+11 6.01e+07
             2.45e-13 1.07e+03 3.16e-10	6.99e+10 7.28e+14 1.10e+05 1.78e+09 7.75e+14 6.55e+08 1.73e+07 7.16e+11 1.20e+03 4.64e+10 1.04e+12 7.15e+07
             2.03e-13 1.03e+03 2.87e-10	2.60e+10 7.28e+14 4.85e+04 6.07e+08 4.26e+14 4.27e+08 1.10e+07 2.46e+11 1.04e+03 3.42e+10 6.08e+11 6.05e+07
             1.78e-14 2.26e+01 1.38e-11 1.47e+10 1.51e+05 3.98e+04 4.09e+08 1.53e+14 9.89e+07 4.00e+06 2.03e+11 5.76e+01 6.41e+09 2.06e+11 6.45e+06];
end
